singular values
50449.8
7314.42
5285.48
4831.33
4225.24
3473.36
3304.03
2910.88
2813.03
2711.8
2705.44
2589.67
2248.74
2241.41
2124.51
2042.7
1989.58
1944.91
1812.11
1748.4
1646.99
1544.51
1521.17
1490.39
1446.32
1434.3
1406.77
1292.88
1271.39
1238.09
1214.92
1177.37
1155.27
1095.52
1085.18
1058.77
1043.59
1031.56
995.903
972.815
944.728
926.701
918.377
900.805
875.456
868.945
857.44
832.353
813.219
792.14
766.23
763.303
754.22
746.97
734.007
724.326
699.553
696.145
689.223
670.747
656.524
653.811
649.414
643.511
633.95
630.035
616.288
608.91
601.723
593.063
591.385
577.353
570.46
557.999
557.197
550.317
546.811
541.242
532.643
521.741
520.196
513.153
506.286
502.248
499.467
492.856
486.123
481.528
474.978
473.68
455.102
453.9
452.327
445.767
443.258
438.251
436.702
431.57
424.192
424.074
420.04
418.054
416.205
408.985
401.879
400.947
396.494
394.655
392.327
383.583
379.685
377.442
376.094
367.113
366.232
360.611
359.187
355.905
351.286
348.518
346.379
340.581
339.88
336.854
332.029
327.888
325.631
322.575
320.505
317.757
316.329
310.388
308.186
305.986
303.023
299.275
298.32
293.299
293.121
290.876
289.509
285.962
283.495
281.608
277.515
275.45
273.922
270.099
268.672
267.257
266.312
262.452
262.022
259.073
257.953
254.261
252.165
250.96
246.394
245.524
242.043
239.551
239.016
236.393
234.237
230.454
229.626
228.242
222.488
222.047
221.64
219.392
217.117
214.144
213.11
211.869
209.96
207.709
206.999
203.316
201.207
200.377
198.953
197.207
196.059
195.102
193.573
191.322
189.214
186.617
185.043
184.25
181.13
178.882
178.258
176.631
176.168
174.532
173.179
171.749
169.566
168.663
167.14
166.708
164.098
161.601
160.163
159.819
157.747
155.488
154.415
152.931
151.099
149.724
147.327
146.504
146.152
144.517
143.933
142.709
142.213
139.53
136.55
136.304
135.754
134.796
132.254
129.9
128.966
128.442
126.769
125.041
124.432
123.757
123.147
121.644
120.946
118.945
117.553
116.859
116.418
115.636
113.549
112.35
111.517
109.564
108.958
108.379
106.446
105.915
104.391
104.045
101.695
100.933
100.04
99.0449
98.5672
96.4135
96.1796
95.1513
92.804
92.5845
92.1352
91.7897
90.5276
89.5732
88.0659
87.2684
86.6082
85.0646
84.1915
83.7187
82.811
82.373
81.1157
79.5217
78.2344
77.8109
76.8562
75.9317
75.4924
74.553
73.4241
73.0963
72.4923
71.6774
70.4751
70.3334
69.0716
68.5573
67.2418
66.7785
66.5273
65.1398
64.3314
63.7724
63.2966
62.6931
61.374
60.6581
60.3083
59.3144
58.7166
58.2781
57.4376
57.0997
56.779
55.7757
55.224
53.9471
53.6138
53.4268
52.9626
52.2149
51.7068
51.0183
50.7998
49.5763
49.1065
48.5316
48.4677
46.694
46.3376
45.4014
45.1253
44.6782
44.2375
43.3791
43.2085
42.8183
42.1446
41.4898
40.4859
40.0699
39.4768
39.0813
38.8404
38.0248
37.4099
37.0856
36.7114
36.2325
35.8959
35.2905
34.7983
34.6964
34.2143
33.7315
33.1438
32.9996
32.2615
31.7231
31.6059
31.1165
30.7899
30.3726
30.059
29.8563
29.4
29.2751
28.8004
28.3227
28.2158
27.9623
27.6075
27.4826
27.2971
26.9967
26.6569
26.31
26.0586
25.6698
25.3556
25.2487
25.1824
24.8523
24.7986
24.5927
24.2427
23.821
23.7266
23.5033
23.2505
22.9189
22.756
22.4045
22.0708
21.7653
21.5991
21.3901
21.2092
20.8554
20.6524
20.5428
20.2395
19.9315
19.7518
19.6439
19.3018
19.1032
18.9964
18.8066
18.7204
18.4586
18.2828
17.9932
17.742
17.4943
17.3471
17.1749
16.9655
16.6082
16.4652
16.3598
16.0793
16.0715
15.7257
15.5351
15.1728
15.1429
14.9742
14.7132
14.4624
14.3539
14.2967
13.8739
13.6604
13.5324
13.3116
13.0698
12.8246
12.6393
12.3405
12.3279
11.8594
11.5822
11.5199
11.2133
11.1341
10.7955
10.4188
10.228
10.0299
9.88867
9.49679
9.17266
8.90416
8.73712
8.28349
7.94395
